00000
00000
00000
00000
00000
00001
00101
00001
10101
00101
00010
00010
00010
00010
00010
00011
01111
00011
00011
00010
00100
00100
00100
00100
00100
00101
10111
00101
00101
00111
00110
00110
00110
00111
10110
00111
00111
00111
00111
00111
01000
01000
01000
11000
01000
01001
01001
01100
01001
11111
01010
01010
01010
11110
01010
01011
01011
01011
01010
00100
01100
01100
01100
01100
01100
01101
01101
01001
01101
01111
01110
01110
01110
01110
01100
11011
01111
01111
01111
01111
10000
10000
10000
10000
10000
10001
00000
10001
10001
10001
10011
00110
10010
10010
10010
10011
10011
10010
10011
10011
10100
10100
10100
10100
10100
10101
10101
10101
11101
11011
10110
11110
10110
10110
10110
10101
01001
10111
00111
10001
11000
11000
10010
11001
01100
11001
11001
11001
11100
11100
11010
11010
11010
11010
11010
11011
11011
11011
11011
11011
11100
11100
11100
10100
11101
11101
11101
11101
11101
11101
11110
10110
11110
11100
11110
01011
11111
11111
11111
11111
