110101101100100110010001001001001001100101111001011110011001100110100100101101111001
010100100111100110011010000001110111000011111001111011111101001010011001100100001001
011110011001111101110111011010101101000001111001011111110111011101100110100101111011
000111000111100101100111100101000111100101000111011101110100011110011001011110011001
010100100111110001000000011100100111100101110111001110010111011110011010111100101101
010001010111011101110011100101111100000010111001111110011001011101110000000110011111
101101110100011101111001011110011001001001110111111001110000000010011001011110010101
000010010111000011010111100101111100000101110111011111110111110110011101011111100001
110000110100011100001001101010010111110110010000100111100001011000011001011110010111
100110011001001110010000011101111001110110010111100101111001100101111001011110011001
